Article List
Version 1.0
102
100



101
10,10
10
zehn
102
20,20
20
zwanzig
103
30,30
30
dreißig
104
40,40
40
vierzig
105
50,05
50
fünfzig
106
60,60
60
sechzig
107
70,70
70
siebzig
108
80,80
80
achtzig
109
90,90
90
neunzig
110
111,11
100
hundert
111



112



113



114



115



116



117



118



119



120



121



122



123



124



125



126



127



128



129



130



131



132



133



134



135



136



137



138



139



140



141



142



143



144



145



146



147



148



149



150



151



152



153



154



155



156



157



158



159



160



161



162



163



164



165



166



167



168



169



170



171



172



173



174



175



176



177



178



179



180



181



182



183



184



185



186



187



188



189



190



191



192



193



194



195



196



197



198



199



