Article List
Version 1.0
101
Vorname
Nachname
Telefon
100



101
1,01
1
eins
102
2,02
2
zwei
103
3,03
3
drei
104
4,04
4
vier
105
5,05
5
fünf
106
6,06
6
sechs
107
7,07
7
sieben
108
8,08
8
acht
109
9,09
9
neun
110
10,10
10
zehn
111


horst
112


test
113


test
114


test
115


test
116



117



118



119



120



121



122



123



124



125



126



127



128



129



130



131



132



133



134



135



136



137



138



139



140



141



142



143



144



145



146



147



148



149



150



151



152



153



154



155



156



157



158



159



160



161



162



163



164



165



166



167



168



169



170



171



172



173



174



175



176



177



178



179



180



181



182



183



184



185



186



187



188



189



190



191



192



193



194



195



196



197



198


HORST
199


HORST
